60 60
60 90
60 120
60 150
60 300
30 300
0 300
0 330
0 360
60 390
0 240
0 210
0 180
0 150
120 150
120 180
120 210
120 90
150 180
180 180
30 60
0 60
210 180
240 180
270 180
270 210
300 270
300 300
330 300
360 300
390 300
60 270
60 240
90 210
60 210
600 210
570 210
540 210
510 210
390 120
390 150
420 180
390 180
390 90
390 60
390 240
390 270
330 270
330 300
330 330
330 360
330 390
270 390
270 330
270 300
270 270
270 420
180 360
180 330
180 300
150 270
180 240
180 210
150 180
150 150
180 210
180 0
210 0
240 0
270 0
300 0
270 90
270 60
360 180
300 30
270 30
240 30
210 30
180 30
180 60
360 90
180 120
180 150
420 270
420 420
420 390
0 390
30 390
540 210
540 180
540 150
540 120
540 90
510 90
480 90
450 90
420 90
390 90
210 270 
240 270 
270 270
540 240
540 270
540 300
540 330
540 360
540 390
540 420
510 420
480 420
450 420
420 420
120 420
150 420