60 60
60 88
60 116
60 144
60 300
30 300
0 300
0 326
0 382
0 354
0 232
0 204
0 176
0 150 
120 150 
120 176
120 204
120 84
148 175
178 175
25 60
0 60
205 175
235 180
265 180
265 210
300 270
300 300
330 300
360 300
390 300
60 270
60 240
90 210
60 210
600 210
570 210
540 210
510 210
390 120
390 150
420 180
390 180
390 90
390 60
390 240
390 270
330 270
330 300
330 330
330 360
330 390
270 390
270 360
270 330
270 300
270 270
270 420
180 360
180 330
180 300
150 270
180 240
180 210 
150 180
150 150
180 210
180 0
210 0
240 0
270 0
300 0
270 90
265 60
360 180
300 30
270 30
240 30
210 30
180 30
175 60
360 90
180 120
180 150
420 270
420 420
420 390
0 390
30 390
